13.8662
29.1658
30.2848
11.4364
14.3156
6.00857
13.1487
5.70188
31.1742
31.9829
22.0066
31.1137
24.0881
18.3529
7.37712
24.7619
27.839
29.5044
26.5285
24.1262
18.7931
15.2665
2.11537
16.276
4.90104
27.549
14.2161
1.71041
29.6461
12.2887
0.176079
9.92679
27.5514
14.7189
10.966
18.6742
5.08031
20.1235
19.3439
31.4887
7.61616
24.7878
10.7993
3.80001
13.347
16.3267
20.3024
1.94342
6.69191
13.4312
24.4214
26.6297
0.769154
26.9272
27.341
13.9768
9.89154
21.1624
16.0173
0.00439403
28.2233
9.70846
3.00162
5.07368
14.9768
17.5969
3.67778
28.3198
8.18881
14.4189
25.6647
5.13999
20.2321
7.58472
19.6777
7.41382
26.7661
24.0985
0.444124
28.421
13.3557
10.1781
30.4927
9.91283
31.0775
10.5239
5.61349
29.1931
20.3135
25.677
2.72329
5.75439
4.74459
19.8118
2.15809
20.7019
19.3664
24.7383
28.8415
18.1068
16.8364
23.1879
3.6358
15.2268
11.8753
1.8864
23.0157
0.699256
14.737
2.87814
2.88805
2.43914
29.6657
6.40028
30.8302
2.5627
0.767703
2.08172
4.00532
19.8
0.855279
5.12706
23.5251
16.7126
22.9967
5.7569
27.9118
31.4402
22.5426
3.03196
25.1435
12.2963
2.52057
2.7041
14.8621
3.85223
3.72202
3.95079
23.5315
27.2034
28.7716
11.615
30.503
29.5236
8.916
8.89945
14.7077
2.84861
18.8394
30.4111
18.4034
3.88489
26.9065
2.45446
16.733
27.9616
15.1039
21.1665
15.5399
15.4809
29.8558
9.37114
26.8093
1.79335
23.9631
3.36201
22.8761
29.436
5.61091
15.1182
24.9281
13.3517
2.32398
24.5096
20.6684
10.4313
26.179
7.65236
25.704
17.1475
3.44264
12.9207
27.601
7.53381
1.22301
25.3488
26.1193
25.8187
27.8597
28.8517
28.6822
10.9608
26.2528
2.92842
2.46758
11.7404
7.9411
0.743843
3.4113
4.14481
1.11363
21.4856
17.1448
0.375057
26.0814
10.7839
20.0783
22.4496
7.70488
23.2085
2.15341
23.7989
24.5994
0.50293
25.6108
16.1079
29.1291
1.98323
10.943
8.36324
7.91617
17.111
23.8012
5.97018
21.1245
26.6936
20.9307
11.8961
30.7404
18.5086
30.4552
18.3993
8.61285
1.68454
22.6907
15.5805
20.4845
17.8546
7.99114
22.1064
20.6522
15.6744
27.3124
27.007
3.51369
3.41956
25.7937
29.0811
4.0753
28.4132
2.53575
15.3554
14.5963
3.09072
4.5345
17.6733
0.0302354
2.70407
0.89815
31.2946
18.1667
3.98406
18.5081
24.2947
30.7734
27.4439
10.3421
12.7488
13.982
6.31832
14.3742
5.23632
28.8146
21.83
0.959207
29.8135
2.42291
3.63261
13.4002
9.48716
21.9576
15.4436
21.2044
27.2636
7.94021
2.22296
9.70548
26.998
19.1558
3.28318
17.7069
27.3027
11.8877
28.0555
29.1745
18.8951
3.26145
26.9244
3.18611
3.50636
16.9658
20.557
11.3521
26.6409
12.5816
11.637
18.5803
24.2876
29.7949
3.11211
24.2193
28.36
2.33936
29.254
25.2737
1.81889
5.6477
4.44042
30.5063
31.3626
12.9683
10.2557
19.938
30.4602
11.3511
27.025
22.4613
29.1251
12.2258
17.4993
25.2071
31.5303
14.4232
13.5135
17.8191
23.4937
28.9803
30.4934
1.54402
4.77553
26.5537
24.3134
31.5768
30.9967
26.6414
14.595
5.49105
5.22197
31.284
30.1439
14.9497
27.0146
0.213361
30.1685
7.94673
2.04726
14.5251
11.3859
22.5245
2.22422
19.0898
1.65348
22.6655
8.38319
25.03
7.96224
24.7712
31.6828
3.8102
3.53075
5.12377
4.64922
12.8767
20.3611
29.7834
2.77819
27.1059
15.0273
22.384
4.11524
31.404
8.2111
27.1372
22.877
21.3046
22.1212
13.6893
27.8186
8.61197
0.873425
6.63081
28.403
12.0471
6.55727
22.4679
27.8607
0.241483
29.1798
3.70939
0.303203
6.46662
3.52494
10.1032
19.169
28.3788
23.2467
3.76202
21.0303
26.3939
10.7437
7.33036
18.4032
0.751952
7.53507
14.8903
3.00175
16.6151
6.79879
30.4292
4.74377
8.3845
10.1675
16.6746
5.84511
7.75473
2.08968
24.3048
10.239
10.6541
6.76557
8.50183
24.5813
30.411
0.479339
29.0335
17.7033
25.9774
14.3135
27.7896
4.05306
1.80808
23.9879
9.35634
15.4082
1.15023
21.1081
1.89168
3.88581
30.845
2.19343
25.9697
1.29948
7.5279
6.16781
0.171509
4.03878
2.31024
8.36439
23.7409
2.37955
31.1599
11.7302
0.604457
4.60351
12.2307
25.2547
22.4326
27.0329
31.5801
27.7181
18.5212
31.6744
16.4781
4.46034
30.6814
21.7025
7.18439
21.098
4.30781
8.91849
3.81647
30.3793
3.70123
18.9583
31.9856
4.04231
28.9644
16.0046
24.0696
31.1752
30.8587
14.8668
21.8635
27.9224
7.89433
22.0014
20.7319
7.97713
28.7198
25.3263
22.5162
2.98358
14.6734
6.37459
11.978
17.6292
31.097
7.4735
31.5515
25.3023
14.1293
2.57332
23.9018
10.4492
22.3548
4.44783
27.3899
26.2608
16.2786
26.1725
28.2712
17.8725
4.37528
3.556
11.0614
3.15901
30.3974
21.3508
30.9641
5.85591
30.8085
5.28808
14.4772
21.0549
12.1208
25.2056
17.1969
5.6477
1.0908
10.5281
1.67577
30.1114
28.2383
4.5326
13.3393
24.3146
3.19778
11.8031
0.914487
8.42941
1.29791
28.0009
9.38615
17.6569
1.61718
23.356
25.1956
19.1053
2.76765
1.1048
12.9815
5.931
27.9082
1.18542
4.96175
28.6577
1.68126
5.27053
25.0212
1.53069
31.0534
12.6146
6.80005
26.6973
26.5497
22.1318
4.99871
8.50985
0.316757
6.44828
23.4735
19.7967
29.5641
4.43634
0.00797936
26.0572
24.8665
11.0643
4.3473
7.3608
8.40536
2.12346
23.4566
0.296957
13.1158
29.6545
0.63583
20.247
22.8786
16.6045
19.5328
19.2503
7.85867
25.9579
11.3872
22.8143
23.9221
27.9427
21.934
14.2435
25.2726
22.2652
10.4117
3.81313
24.6675
1.01098
3.40231
5.95916
23.4295
6.02337
31.8164
19.2644
24.838
20.5249
24.7206
11.6661
30.9481
29.5912
13.1802
10.148
10.8476
18.7479
27.6499
12.2435
29.2935
5.73607
25.4728
19.1305
28.2325
24.8428
24.8263
27.9069
26.4002
22.8162
4.26913
17.6824
9.41744
16.2305
5.17208
7.72114
13.0836
2.19342
4.64708
29.3942
31.68
3.95277
10.5152
19.2152
6.25263
17.0603
26.1183
22.9823
27.0231
2.93639
28.6401
6.39673
0.131702
27.3384
27.6995
28.8242
11.0547
18.8719
16.5712
31.3142
8.59044
11.384
5.74245
30.3846
12.835
25.9995
23.2966
27.2417
4.82815
29.1869
25.858
19.9385
20.7457
17.1804
0.583038
5.75771
24.8708
9.78457
29.7953
14.6314
22.6116
27.2984
18.7613
0.653631
23.4753
28.1233
13.0117
9.20102
28.722
26.2975
16.7045
2.39443
10.2871
1.27723
11.3153
5.161
22.1563
15.3621
16.3439
5.7662
0.0324408
12.4646
1.31996
29.6098
30.6359
3.44823
15.2388
22.7108
1.60032
27.6589
31.1331
15.8759
0.745391
15.0875
5.65565
12.1318
14.7739
28.1009
25.8605
23.7995
4.54478
29.8745
31.6783
9.54777
19.1391
25.563
9.1998
2.75076
0.294693
8.96351
3.6495
24.356
17.0702
12.1823
4.56435
29.1445
27.6717
23.8405
25.029
0.321954
1.13593
21.5722
24.7052
3.93118
25.5839
7.60292
1.80923
14.8286
26.0095
26.8691
30.854
23.6361
25.7933
17.2074
6.55793
23.701
20.4575
17.0085
24.7047
3.30585
15.5531
0.310574
1.43029
10.7338
22.0869
28.1382
4.52275
29.7328
21.1573
23.2725
21.1049
7.42021
1.01395
9.89552
26.0132
25.4837
14.0216
28.4557
18.8074
12.378
21.3167
23.2607
2.31015
20.7005
9.69831
24.3285
1.80163
21.4894
2.06602
2.32445
13.2574
14.5487
28.2841
1.9982
2.98191
21.8741
11.5088
21.4776
5.77043
2.55893
21.8895
9.96353
27.435
20.571
19.4746
3.67599
15.1442
31.7072
0.258198
9.66677
15.7187
30.2019
5.60636
26.187
15.1343
11.0734
6.49353
22.6377
25.314
9.38691
6.20224
18.9079
4.1891
4.49612
10.965
9.13495
28.2951
3.05067
11.4726
1.08804
0.802535
16.2119
12.4699
26.1969
29.0589
28.9753
5.63787
3.54657
20.8678
14.2901
20.2347
21.2336
6.23693
22.9565
3.24238
20.2914
8.50485
30.5656
1.55254
11.8677
21.1196
12.1379
23.3756
1.30391
2.43193
0.143617
22.0006
21.8161
14.9169
30.2135
26.4364
24.4432
23.3397
2.60131
8.19675
26.0875
13.6152
0.635628
1.46231
28.976
18.716
8.93825
21.5378
3.80124
16.6625
4.41858
1.08658
28.151
20.6775
0.241273
14.0115
30.5448
20.2906
5.07402
0.019244
31.5634
27.2942
6.73131
30.2429
5.88999
31.3369
26.0809
4.86038
3.9799
31.8105
18.673
13.9177
2.55736
4.23305
6.78575
2.86439
19.7732
15.4847
17.7789
31.3217
11.9961
5.624
30.7185
27.122
30.4005
29.5772
11.8401
12.5198
15.8333
17.4107
23.0956
16.8056
7.06955
26.6003
1.22716
30.3755
20.6858
15.3796
11.392
0.773653
27.0939
16.55
30.6505
22.866
21.2937
27.336
23.7643
28.4622
5.73974
27.793
0.581221
5.09215
11.5931
9.41643
5.47772
14.2492
5.13772
30.1618
1.69714
29.8499
9.70925
19.4784
19.4052
26.9267
0.446862
4.90185
30.9528
2.74949
21.6843
3.77435
1.72913
6.67381
1.87723
30.5754
26.8553
24.1637
1.78991
5.29393
27.1444
24.7593
14.9017
28.0407
20.1013
7.35723
31.7075
18.1585
19.9833
21.3086
31.3338
8.94088
24.7124
1.71446
22.1716
23.1067
26.9138
0.873463
7.15537
16.8529
16.6173
12.2048
10.4836
8.0932
14.0163
5.68017
27.6135
0.552181
10.8523
25.442
7.41494
31.0061
2.40623
10.4277
14.0375
9.92947
26.6651
25.4474
3.22911
25.7737
30.1105
22.2367
31.944
15.5583
28.4866
3.42692
16.1684
29.484
31.8761
19.9532
10.5211
6.6611
14.1567
22.2598
25.0289
15.5349
26.9592
21.8743
6.67083
8.57553
2.41093
22.0363
27.4991
0.181254
2.84802
26.8355
4.31466
11.2577
31.0384
26.7191
21.6494
14.4329
18.0097
16.7998
18.3998
14.9957
8.29155
19.2625
13.0887
28.0172
14.7106
29.3597
3.89092
12.7141
23.0147
8.88264
24.8051
2.19073
11.0127
2.4386
2.2127
6.93522
6.87624
29.7408
23.5918
26.2707
21.2905
27.4981
9.56896
23.4597
2.12221
27.3097
26.0885
9.26388
6.96071
22.9857
12.9818
12.9539
31.8048
30.8742
20.3317
31.1835
2.71876
29.611
24.3587
22.004
7.5752
12.5881
3.23687
1.77796
31.4673
9.94729
27.4613
6.13693
29.2906
0.904874
13.4756
6.6947
10.5733
5.24086
30.3428
24.3184
26.3648
1.59667
27.6289
15.5061
9.36704
26.1871
23.6658
14.0561
0.184132
21.8406
3.21954
12.0972
15.8984
4.59136
15.8445
24.188
3.22057
6.02357
6.51205
9.5256
4.79821
25.1374
23.6452
21.1414
5.94315
1.91142
31.1294
9.3264
4.7952
17.49
27.0135
5.10434
27.3472
4.92528
23.9233
4.88461
10.6201
30.0061
18.5577
31.6023
31.7663
5.60603
0.908755
30.7623
3.41824
6.45863
7.6826
2.8676
4.13638
0.536729
12.1574
12.5539
19.4895
6.05524
5.61057
9.99906
19.3613
19.8348
3.24182
17.9409
19.0772
2.06872
6.61818
7.46696
4.92904
10.2009
31.7978
18.8275
23.3519
1.56818
21.6392
4.31254
10.8999
29.8897
23.3284
2.96515
4.49111
14.6535
24.6742
21.2034
11.3873
5.19319
8.68389
25.663
28.2686
2.15888
27.4209
27.7296
9.33274
4.77825
8.8759
25.7488
12.5637
16.8724
2.19258
21.4768
19.9483
28.5852
28.7527
0.0422366
29.7945
26.7852
4.01852
0.656548
31.5444
28.9516
17.0859
11.233
10.5964
1.2214
25.7075
2.4994
27.4256
26.1659
21.62
15.5782
21.9083
24.5372
0.431109
20.2028
27.6453
25.8627
22.9165
6.44872
3.21096
4.23268
31.2789
10.1293
8.41011
19.1989
1.84474
11.8664
1.54926
0.585549
5.19788
3.14536
21.9538
28.7322
7.9798
25.8703
4.44668
16.2382
22.0093
6.25419
18.5698
25.9344
0.0843502
30.5353
8.19874
29.8582
12.7653
31.4598
31.6407
27.2926
3.06658
7.54468
28.2699
17.8353
27.8583
9.1976
5.37228
11.9462
6.85322
2.61335
23.0826
18.9434
0.382003
0.768227
22.5143
8.50777
3.31213
1.52992
24.8397
2.35765
1.26862
14.0752
7.22351
28.5198
24.8808
4.46628
26.8053
12.7346
1.01916
12.1797
26.9278
24.0565
0.368483
14.7727
24.9044
25.5136
24.6685
5.12706
31.9326
31.8545
10.2609
3.53651
24.4458
31.5399
29.4727
26.6982
25.7138
21.6219
9.53921
4.99479
8.86476
13.793
15.4302
3.98918
30.6052
1.26721
25.1158
0.695933
27.0103
28.0194
7.22897
22.0239
5.31949
29.4311
1.25652
31.3035
24.1306
21.4759
19.2724
3.50115
1.02335
5.90533
24.3946
20.82
3.9854
0.0738654
19.0178
11.2549
8.21168
2.58723
1.90027
11.4506
8.23378
28.8014
0.0561844
2.22347
21.4676
27.8329
5.83906
30.14
1.67001
3.08586
26.1833
30.348
19.9607
6.31316
25.8322
18.3134
13.4235
1.51477
27.1539
12.6486
29.01
4.40985
1.9255
21.0619
21.6983
8.7769
21.7092
21.216
10.616
4.52897
18.2518
30.943
2.46422
2.26197
26.1002
20.8846
29.9888
4.69028
13.3597
30.8331
30.5565
27.1206
10.5352
3.23025
24.0937
28.7365
30.3371
30.2189
2.52509
26.572
2.16885
18.8134
0.86377
12.9859
29.8654
0.205049
21.757
5.16265
25.0796
13.758
0.207611
6.95944
0.185626
17.7642
18.2754
4.40989
23.7176
16.0916
0.153389
20.9835
6.35024
8.42384
9.09916
31.671
28.2672
30.9041
0.553268
22.3501
28.4747
27.3614
14.521
29.344
14.3447
4.73222
27.7766
4.14885
28.9976
26.6719
30.8699
30.6101
6.49726
28.5408
1.68848
22.3034
0.261873
13.9669
14.957
10.7953
28.3008
24.2261
28.7904
4.7382
13.0131
12.2427
1.96112
21.8292
25.1355
21.6281
19.7172
4.59691
24.7782
16.9699
28.0364
26.0773
12.8238
3.23505
22.0008
28.006
3.67038
4.2501
20.7367
2.05753
4.87737
3.97635
1.35063
22.6005
20.2124
2.96507
1.81591
1.79208
1.90828
25.2845
16.3602
11.2136
21.5985
1.61996
3.61355
27.5494
21.0323
1.38851
20.2024
30.8517
22.1936
2.51655
24.0972
9.41756
1.28156
20.5198
3.18885
27.2881
9.04186
0.308012
22.791
5.62607
1.63679
24.8344
6.9657
30.684
20.7541
28.6564
17.8962
13.8935
27.0604
8.99176
27.3208
23.5009
16.7497
0.92534
17.4861
6.69681
6.42363
11.9913
6.98615
5.24551
19.549
21.7854
1.12762
21.2113
3.93906
0.933688
26.6474
6.02274
13.6277
30.3842
23.0512
31.8991
13.2916
10.8755
23.9074
30.4406
11.5361
3.4388
15.3796
21.6673
27.0786
24.1232
4.7805
1.11775
17.4571
11.0521
3.01903
14.2722
18.9092
28.6716
26.638
23.9668
31.6846
28.2878
18.8713
5.85668
30.6487
4.97027
7.9844
28.4882
3.07761
6.04207
4.1727
7.27161
20.3847
5.70542
19.4586
10.226
2.95939
23.5378
31.6851
1.05179
27.8639
12.2965
28.0916
4.59512
25.3075
0.410721
21.684
6.0805
9.89772
6.72206
19.5535
4.38945
21.2575
28.8
23.5963
28.7105
16.3846
23.2462
31.6425
26.4454
24.9445
25.6056
15.0762
26.7328
13.2341
25.327
28.8668
17.542
24.6998
29.4208
14.6258
28.05
8.05216
30.9366
3.10148
8.42448
3.32346
24.4018
31.3515
18.8365
11.7853
30.5374
29.3696
21.035
28.7966
6.50769
23.1236
18.4942
15.3072
9.35936
8.06463
29.9556
3.60264
12.8895
21.7755
25.0086
24.8697
21.8484
30.3684
3.70476
22.9117
31.1267
9.67716
31.018
7.00312
20.4468
1.09834
29.1886
21.4087
17.9385
12.3145
12.4975
14.3319
13.7728
7.47946
10.6319
16.2999
28.8073
15.9095
23.2317
8.64301
3.54645
18.2619
1.91783
1.98263
13.6897
17.6738
8.00091
29.7526
2.27281
31.491
0.762491
25.4426
9.02477
26.0421
21.8441
12.0984
19.9722
0.398965
17.5761
12.6652
6.31813
20.5214
21.4243
16.0674
26.7233
3.9805
23.1599
8.45064
3.64659
25.5974
1.82053
12.1828
27.465
2.79735
31.4186
1.27416
31.4267
28.7464
23.4825
9.01926
11.3854
28.8177
0.93129
29.7143
23.6233
4.73326
3.14712
4.19694
25.4773
8.96315
8.30526
5.31912
12.5687
23.0868
23.333
15.2948
24.1952
22.8186
13.2564
25.5354
1.65884
13.2309
8.98107
27.5647
27.0153
19.4599
16.1725
30.4017
7.33843
2.57761
23.4601
25.1674
29.3069
27.9723
0.529119
23.8442
2.08547
16.3583
21.0377
31.8495
20.2395
4.2603
1.90686
16.8145
31.4568
4.41367
30.5711
18.2418
9.00402
2.58658
5.03716
13.6584
13.4783
25.7064
11.2508
31.4857
15.9278
4.55168
13.394
2.67353
8.10233
11.4219
30.2093
1.06215
0.521759
4.16305
21.2989
24.6596
11.4335
8.43509
19.9715
11.0236
0.871012
28.6325
16.8716
2.01374
22.0213
15.8518
4.77919
15.7531
23.8617
12.1627
3.63032
24.1721
29.1871
25.9884
11.0197
9.8036
5.04487
1.84002
29.6138
1.08274
26.5997
2.29003
24.6918
13.959
9.25184
3.33446
10.4318
7.89031
18.8802
20.5163
4.37147
3.43059
26.2021
15.4705
27.8987
16.0849
6.56632
1.49426
6.70037
12.2704
0.518105
8.61079
7.85692
3.31702
29.7753
13.2434
5.87451
31.5665
30.6049
26.4513
0.4753
5.46071
1.91806
29.146
1.16492
25.2344
11.7466
0.939172
6.49506
1.60245
10.5462
8.87744
2.91958
20.0036
25.4864
22.6032
21.5907
14.9431
17.758
29.8228
25.9867
20.8082
22.4248
1.16645
2.62092
16.9761
6.39582
31.6149
31.0892
30.6775
17.9134
28.6734
14.1465
23.9308
16.2204
12.4039
29.5411
22.581
5.33915
3.70544
8.94471
0.0621569
5.26278
12.8818
5.89941
6.56233
26.1873
3.01077
25.2724
3.76682
26.3726
23.0259
25.455
24.7034
29.4423
28.4723
15.9154
1.82495
8.3513
30.3288
31.446
11.6021
24.9498
27.7902
0.65269
13.0256
3.69579
30.1125
6.08241
24.9575
4.31301
2.96823
13.5002
10.3972
9.46718
21.9438
26.8179
26.3305
5.99249
5.14486
20.7666
0.0636066
25.5884
29.2687
7.52292
9.26487
27.5508
30.044
5.88962
19.9007
12.0813
13.4205
24.9518
24.3619
31.8594
22.1188
6.96691
21.4412
25.8414
12.1813
22.6127
18.1317
2.83212
2.0227
0.825037
9.25479
2.35894
1.10914
2.7117
31.3402
27.5062
11.3826
2.79662
9.6532
10.1492
7.48036
28.7625
14.7119
0.160247
28.0755
2.84327
22.5415
12.898
20.8519
4.8182
25.3344
14.5053
15.7384
31.3097
28.7078
2.30096
4.43332
7.17085
11.5234
2.05002
1.56691
17.2833
17.7125
31.6905
19.845
28.8489
31.3427
0.972914
18.4888
30.04
4.54341
20.8999
21.2328
10.8401
31.623
29.713
21.9925
29.3138
15.3535
10.0416
3.13363
5.07614
19.4086
21.0382
9.37773
24.4529
13.9695
20.1958
0.0771746
2.00146
25.6743
0.517303
11.768
11.9268
1.14307
4.05164
3.1439
10.3689
5.72176
4.98244
10.4415
6.7454
29.7982
25.5841
8.51395
24.1331
1.31918
30.2652
30.4644
1.72536
31.3617
2.1645
3.26331
12.3252
31.6089
3.89419
31.7215
1.16949
7.36363
29.786
2.07186
0.485982
25.4156
20.7046
13.29
5.84474
27.5566
7.65823
20.1311
15.3865
16.699
25.1825
4.62161
14.0231
2.08507
5.26338
28.3969
26.5904
2.6549
17.526
4.58841
29.9415
26.239
28.9936
24.6929
5.01656
30.2955
1.03512
0.9591
15.6035
23.8841
28.0761
2.59955
30.7605
14.6414
13.2039
9.98274
19.0008
1.25267
8.13067
3.83468
4.76344
5.25674
27.0152
30.95
30.8017
29.018
19.6868
17.9173
1.27455
31.8323
2.40563
28.7479
23.3443
3.41387
29.0233
4.65762
26.7553
26.3443
24.0404
21.702
30.535
5.28348
5.83369
29.7541
12.1204
18.3157
0.361713
19.4841
3.16147
3.58557
1.89768
14.0707
2.63441
4.7351
9.81908
5.43953
10.1345
26.1033
30.2611
1.5327
21.9824
7.29145
12.1566
31.5821
27.9043
28.6758
6.46893
29.745
31.1316
22.8381
3.11789
30.7086
20.2892
12.9748
2.98202
4.32362
20.4092
25.7529
24.3757
17.018
5.76615
15.2697
4.82579
2.56532
5.04742
3.65388
12.7225
26.4068
10.0543
6.21942
2.56774
0.827443
11.6659
0.602283
11.9734
15.5137
23.2928
24.7318
27.5315
4.08943
30.5147
21.3281
18.0757
23.416
16.1644
10.6598
19.7519
4.63082
12.1113
23.2245
2.51584
8.65176
4.63221
18.2733
21.0276
27.8627
23.1687
27.7066
2.94599
22.5476
22.943
21.5896
15.9743
2.98676
28.6943
22.3219
1.55962
2.84088
31.4132
12.9
1.15567
8.23826
24.478
26.3087
1.21848
13.3655
16.9301
21.494
3.97413
30.9245
7.28819
27.3435
30.4262
5.26814
7.11815
19.9359
10.3877
1.5467
0.316804
24.2698
27.2582
28.7573
27.4976
2.53148
25.778
3.11738
24.7383
6.13808
11.5763
1.18584
23.9835
24.0384
20.7052
9.12783
15.3098
31.308
28.8907
30.0658
7.53898
5.48167
15.6613
8.82971
1.50724
11.5084
31.7278
26.7424
27.5478
5.60478
5.28646
31.7399
29.1887
14.0097
14.0499
19.0369
3.82002
4.30402
3.64364
5.70858
8.12322
6.62347
29.0469
24.4777
0.423255
24.5453
20.9698
19.9518
29.1753
9.60192
31.2276
16.659
15.3173
19.4749
26.7291
2.75241
26.7394
28.4123
12.8287
15.2299
1.072
19.7149
22.9414
26.1838
10.2596
11.8682
3.02464
10.7799
30.6754
14.1215
31.5886
17.2665
0.494041
25.6925
3.96968
9.65909
21.0076
29.1255
28.1618
11.1566
23.0823
0.140919
7.76103
3.23747
21.2831
31.4073
1.38007
23.2836
22.4567
20.5626
2.86282
20.5997
1.12047
3.62329
15.7816
3.89341
28.2776
4.62889
4.59138
0.411354
9.19287
28.1022
10.6879
23.8742
14.1293
4.66904
4.49444
0.712396
8.67524
31.5894
3.68792
0.839147
26.9336
25.3629
26.9335
22.4212
27.0617
24.735
17.6537
16.2196
16.0284
31.8364
4.68662
4.0711
29.5522
26.0595
31.5316
6.50272
20.1622
25.9162
26.5102
2.83426
24.2535
17.5915
25.2532
12.148
0.526983
27.3178
15.5446
3.61017
28.4784
30.9031
26.4156
7.65289
28.9822
3.63224
7.61417
29.1415
13.6963
8.22787
26.319
8.65823
2.54833
16.8501
27.2428
25.5556
3.4797
31.0342
0.617647
31.6488
17.9477
31.5847
7.58068
4.52527
1.54656
27.6939
3.33797
5.18538
9.0104
6.32019
30.7291
31.9903
3.43402
3.16001
5.12559
21.0808
5.01061
18.9495
31.3574
16.8262
4.55929
24.0335
6.74459
26.6596
10.1796
3.70909
5.74992
22.2826
6.16057
27.5414
14.1313
28.3255
13.1374
20.9769
27.4524
5.50562
18.3682
24.4092
22.5763
22.0433
1.41518
25.0565
27.928
19.698
16.101
26.4238
27.0742
14.6255
18.8521
0.520066
9.1729
6.18407
3.92437
30.8083
26.9525
19.8746
19.71
24.7499
10.5101
26.9915
22.4019
9.68126
29.4323
8.31857
1.84832
3.26744
29.4965
3.7277
2.08636
21.3252
4.19519
18.0059
1.46627
29.6748
25.0039
1.89759
7.96964
1.73248
5.92791
14.3911
23.2949
11.1363
27.119
3.84203
29.5132
21.0114
24.614
23.5517
4.14005
13.3876
4.06026
6.17525
8.49074
28.0537
5.05164
18.7311
22.058
17.7944
26.3359
30.1796
2.82109
13.8257
27.9146
17.9197
16.359
28.9074
26.9495
23.9236
25.476
26.946
8.39828
26.8342
5.10468
4.91207
30.0028
0.745782
20.71
12.926
20.1087
25.1581
28.2315
1.64635
1.50289
21.3877
9.32798
0.474733
22.028
11.2835
14.618
6.5583
17.0954
26.876
28.6277
10.8954
0.139292
10.5676
12.5821
20.9071
10.003
22.4075
27.1342
17.0804
29.9921
11.0569
31.3091
17.8775
27.3137
30.4791
0.30574
6.14932
16.6722
2.70886
9.29118
7.49983
12.8375
31.2195
13.835
18.9878
24.9805
30.0557
12.8024
0.788104
31.6587
0.0295199
1.30928
2.28462
8.1382
1.4166
30.9996
1.534
27.1977
0.61508
0.892262
26.4157
29.963
24.2558
16.1009
23.8574
7.86934
3.18108
2.69534
5.86503
13.8355
27.7256
27.7199
31.5952
5.36322
1.36512
25.2712
0.222942
6.89881
31.1257
14.7282
10.7736
17.4667
6.27489
3.89163
24.0916
8.50908
1.55312
19.2704
1.1921
9.62328
29.7912
26.4165
30.4197
3.02669
23.577
13.9339
16.1863
15.0745
18.0819
5.95256
4.22833
13.5719
22.4946
5.05058
14.5606
27.6299
3.14259
25.1355
5.9653
