29.165
5.75745
11.3675
23.4265
2.79779
6.32181
12.3765
9.14215
4.87841
20.4615
5.19263
22.5924
25.2934
25.0197
21.3863
11.9965
22.8586
17.4652
0.409704
23.5027
9.37519
20.495
10.3351
28.0672
23.9586
9.38767
18.3511
7.33057
31.5528
19.3842
10.1787
11.442
28.3787
28.5345
0.18401
10.3981
4.77909
10.4974
17.765
8.40945
14.7722
6.19106
3.54571
31.7301
9.10757
21.3838
3.29996
5.46642
2.18908
26.5807
19.3307
11.6067
11.1601
9.47836
10.1714
28.2418
26.8555
29.8472
10.9867
2.4362
12.1657
11.1195
6.7359
18.7537
10.8818
1.31757
8.73972
5.52835
16.0485
0.320906
11.5243
19.5163
23.3107
21.327
0.856371
7.05422
30.1169
21.7663
31.6877
8.94373
18.8015
14.0999
22.3498
10.0861
0.00550854
18.843
7.18397
27.8416
14.5574
25.5306
6.96164
11.6609
10.0334
27.2336
29.9514
21.8412
19.5577
26.1188
23.9377
22.5686
26.7637
17.8257
1.16239
17.4906
28.8625
6.22119
27.3056
20.3038
19.6767
4.73788
22.9394
8.50667
10.6615
24.9746
6.81052
28.2541
29.3401
3.89653
22.5748
10.3229
28.4663
30.8845
3.14785
9.98994
3.07221
5.31272
30.8337
2.83722
2.10167
12.8139
24.4368
21.5939
9.6362
28.1615
2.33195
1.97296
5.83918
8.18752
14.492
6.24915
24.3609
12.1783
27.7367
10.9903
12.6513
18.7859
27.8601
30.6857
6.49565
16.1692
22.8242
6.44235
23.6329
6.06296
24.4614
10.8077
9.0394
3.78771
19.2705
5.09141
12.5367
15.4802
25.0169
21.4461
2.73455
27.3704
9.63034
8.31232
6.9414
1.78725
31.061
19.0404
6.73693
17.9006
28.3359
13.5469
8.74113
6.35644
21.8074
25.7521
30.1731
20.7563
11.4725
4.18504
27.9091
27.6669
29.449
24.016
4.38132
31.1299
18.1531
15.5812
4.0673
6.87619
1.77705
19.5731
16.3071
5.07968
4.17672
0.123779
26.7719
10.1536
7.47559
5.81489
2.51455
1.49079
15.146
4.83912
21.4006
2.62027
2.91195
7.87125
2.51192
8.31545
7.20137
16.8535
11.7619
21.4247
25.4199
17.6246
20.2302
19.1875
15.4345
4.37919
9.86857
8.12705
26.9076
8.49546
11.9729
21.7309
20.127
2.28956
14.3272
20.6317
0.637192
0.505821
30.3262
28.4795
23.3428
4.16281
24.7465
3.32954
25.807
7.99474
11.0007
15.3226
6.40822
8.27843
26.7765
2.64063
16.0021
24.1074
22.6901
7.56361
3.24484
22.8665
6.23808
9.049
10.4478
10.4939
20.2288
12.1732
16.589
11.3575
3.98923
0.929974
19.7709
28.3417
19.1564
24.2857
21.3535
23.8004
9.37626
0.815357
26.574
14.0146
31.1134
21.5005
25.0806
31.0412
5.70007
19.1028
17.5471
8.37374
28.0481
28.0247
13.6734
6.43105
21.9598
31.3799
12.3038
6.95246
2.63844
20.5249
14.0218
23.6109
5.40422
27.6035
6.33012
1.6187
8.22348
0.308866
15.9117
26.6331
14.6365
13.6747
19.088
30.5995
29.5532
25.4854
5.669
8.30893
11.8155
5.19962
16.3587
7.86651
20.2336
1.07919
23.8361
8.66087
13.8823
2.04036
13.603
17.2357
6.24341
0.15692
7.6662
6.07885
27.8135
18.0458
31.0987
17.8397
26.4558
22.1694
10.3046
11.2357
4.68057
0.263635
20.1953
2.0846
22.6142
21.0682
6.86857
2.98246
30.309
23.6551
17.9566
4.01254
4.56792
12.5024
13.908
8.27811
21.5833
10.3628
18.9521
8.94606
4.14241
11.8932
0.29202
25.2293
29.5623
9.82627
31.8683
21.1266
10.8462
16.9964
31.8089
3.76396
3.58015
9.47429
9.52434
22.2205
21.7425
4.24234
7.07276
1.64645
17.3981
22.7839
10.8785
29.4943
3.59896
26.958
6.74866
31.1304
19.5262
2.28991
1.05916
5.23625
16.1664
15.3135
6.98198
5.82185
16.184
3.03723
0.50012
7.07755
4.2195
3.12052
13.7781
5.93089
23.4937
22.1201
8.9351
20.0569
6.94162
25.6363
12.8912
26.6305
9.90928
10.4964
3.7242
20.6605
1.47449
24.3424
4.11256
25.4285
17.9052
15.2116
14.1698
2.4834
13.9716
25.011
11.998
10.2471
25.2355
15.0647
7.89333
24.2567
6.58206
14.744
23.3622
17.1167
6.51561
18.0976
10.4638
26.6182
10.8166
31.699
11.6773
4.17985
12.0368
30.8755
14.4815
17.9104
30.7105
4.21414
27.8704
0.979929
5.93043
8.9134
3.36841
23.1985
9.1144
27.6095
30.225
24.7202
20.8829
16.5871
8.16622
24.0315
24.7314
24.7203
16.2201
22.5898
3.52347
2.68671
17.2743
5.89227
14.7292
5.13957
1.86031
10.7513
17.9096
8.57804
9.73667
19.4856
26.6593
13.4612
4.62474
25.7351
23.9077
14.9615
10.384
14.2819
8.24464
21.3389
6.78721
8.68468
1.07398
26.0359
19.3326
7.10885
28.3088
29.8489
4.09935
30.8391
9.46518
13.5309
10.8631
31.7906
18.274
21.928
16.0112
25.0947
3.99961
14.2507
2.15627
3.19514
13.4644
2.98138
2.219
27.5442
15.8646
4.81377
8.10873
9.08445
20.7161
11.3649
30.7606
3.16619
10.1639
21.3315
30.9647
11.8775
15.8451
16.6616
10.3055
27.9722
31.5391
21.8759
6.29406
4.64708
11.7353
2.06081
18.4285
1.15594
17.334
19.3447
22.2008
10.7598
12.1287
16.2487
18.8628
8.22937
20.3004
22.6172
28.4575
26.496
17.9848
3.31447
7.68818
27.6281
19.1007
13.9908
31.3706
19.7326
8.38326
13.3094
12.2661
9.0787
27.2582
7.34935
5.68553
18.8692
6.00537
28.9918
7.61005
16.38
7.83983
14.5213
20.8689
17.3487
3.36104
6.07236
11.6931
27.6749
3.3174
16.9087
2.47654
10.2167
8.61172
16.7514
17.0658
2.83749
17.4191
7.8275
8.02808
27.6261
10.1362
16.8473
30.7711
21.1146
26.1876
7.03488
31.1635
5.82905
6.51769
11.4634
20.3617
10.7628
0.494065
25.57
10.1144
20.857
14.6683
26.6524
5.28217
7.2136
0.0523707
22.6522
0.64259
23.0228
19.674
2.1364
26.7046
6.59622
9.507
2.85185
21.0715
5.10771
9.24862
12.4449
3.6011
1.24578
23.4484
10.9914
23.9664
3.68238
20.0974
29.3582
1.83472
23.3339
11.1427
21.1863
7.72733
11.0595
9.0054
6.44961
25.062
12.7046
19.6528
1.05166
24.1057
4.80587
6.88541
15.9851
16.5546
27.5551
4.63985
14.9581
23.4527
7.56455
14.456
11.3604
23.5486
24.8555
12.6556
28.894
0.787732
28.6374
8.03999
8.68162
31.8507
19.8923
17.1587
26.5182
16.9562
25.9806
29.5533
26.2757
21.3988
28.0572
3.13363
27.2495
18.5162
8.75333
5.45967
6.82047
27.3952
16.447
22.9487
7.11975
6.63276
0.539061
7.99921
8.70511
20.5599
22.6724
9.83687
28.7143
10.5749
26.2857
7.8263
9.9646
24.3921
17.8401
13.5316
17.2133
21.0478
17.9437
2.42789
16.163
0.0746236
1.67988
23.6181
13.3774
23.5784
13.2473
11.2393
3.16766
2.01328
10.0368
4.03856
6.52574
3.36462
11.8293
25.689
21.6173
14.7665
20.6625
31.3913
24.8501
17.373
29.2732
14.7459
23.6665
17.0337
26.5685
21.7657
18.6358
24.6135
6.26571
15.007
24.6931
2.56453
29.1333
11.5903
12.0409
22.5885
6.91999
19.9762
1.21929
28.2915
4.775
8.66494
1.68445
11.5522
26.7867
4.05888
12.5626
30.3317
4.54372
21.0913
22.9711
3.58728
24.2342
26.5891
6.5934
23.1018
15.5057
3.42794
26.6758
9.05157
30.8331
26.1111
31.5185
9.26644
20.4252
27.4654
2.12058
2.17952
22.8984
4.40995
6.68231
8.75614
27.2799
13.4573
11.2432
10.219
7.51393
1.12233
26.2027
8.39226
11.2796
4.53191
20.6091
19.7662
7.3252
23.2009
3.82757
11.8665
0.540671
17.534
5.83009
14.2435
7.36068
7.05344
22.4858
2.35293
9.44617
12.0172
21.3204
30.652
31.7025
7.05693
25.7799
19.761
5.49454
8.75225
16.4326
6.32595
29.4272
23.7452
29.0885
1.27376
16.8354
0.782294
8.37821
15.8546
5.73016
30.9996
9.55167
8.22457
16.5626
4.48443
28.6039
11.8168
19.0398
2.50299
12.3174
14.2063
9.8486
30.1469
8.91035
23.4582
11.5648
7.76962
1.8385
23.7
30.1171
3.58086
6.07763
8.40149
4.81519
5.64344
10.2689
12.7296
7.15128
15.6693
8.5652
14.6699
14.9209
2.51841
14.776
21.2939
19.2683
6.18402
12.9646
13.9345
17.679
19.8806
11.1978
22.4491
0.228382
6.05222
29.8864
27.0887
9.59279
4.60861
11.3071
19.9619
4.80368
5.02009
6.40476
27.7145
30.0277
6.21488
6.21131
11.8408
16.7639
10.5528
6.49512
12.5284
11.8497
21.1334
12.3864
25.3041
2.43211
3.55756
14.3182
16.8354
14.4888
23.3956
10.5414
24.5971
30.6848
5.17518
8.77416
25.5048
11.4916
12.5509
4.28142
28.0736
4.01372
28.6316
1.78588
0.445944
6.45311
29.4171
4.94942
26.332
11.7531
4.12405
12.5008
2.69893
8.16439
9.93639
11.0374
2.84747
22.9431
25.3368
2.77756
29.1923
2.69089
6.00026
9.72066
24.1205
25.6534
21.4068
3.40214
21.0451
1.20103
26.0866
11.0654
7.46162
7.8207
30.2957
14.4547
10.2241
23.6608
13.6837
31.3719
19.187
20.9013
2.90314
22.6349
31.7325
28.4652
27.0641
12.5537
23.5172
13.6264
3.52591
27.1463
26.5826
8.36201
21.071
5.31457
13.2613
19.1146
27.581
24.0761
20.4677
29.4732
10.7497
8.84617
2.73917
29.2435
29.3153
11.1082
19.1336
4.99585
28.3776
1.40831
24.4398
8.5467
5.07482
5.60764
26.6527
18.4183
14.1985
7.30501
11.3867
5.36484
29.0513
2.79931
4.24886
13.2879
17.2213
14.4803
28.5756
24.7414
8.35654
31.5268
7.02806
13.9547
29.0689
1.67433
23.8247
14.1115
1.37772
20.2962
17.4057
0.408222
3.03173
29.7256
6.73601
12.3067
15.9311
11.1751
4.41114
6.52853
31.9492
27.673
27.6632
0.0044182
5.00273
0.243016
20.233
0.454724
11.7849
28.186
3.24565
6.11186
11.4683
21.4899
31.2827
11.616
21.258
31.0875
3.90844
7.31193
16.0622
24.1588
18.9481
4.25586
14.0736
21.4753
26.3127
15.0243
4.49391
9.99306
15.4468
10.8458
0.922795
7.31913
13.2187
7.11953
29.8784
8.70009
12.9429
17.8791
25.2917
12.9242
15.1853
22.4639
25.3226
9.29656
25.5097
8.31578
26.7001
5.48173
14.5868
11.654
18.0046
17.1802
14.3457
21.7675
15.2689
5.30988
16.1069
16.8115
24.1102
3.57314
31.9805
3.33607
5.96783
6.63977
30.9435
30.6577
29.1202
7.87547
1.08218
26.1584
30.1916
29.0124
29.9445
16.5914
30.7406
19.1263
14.6902
14.3404
24.1271
25.1989
15.2059
27.325
12.7198
6.05697
30.2104
10.942
15.158
9.26874
28.8048
25.8635
31.7202
17.3278
3.51859
8.37119
24.0797
8.62327
6.02822
28.832
14.3941
14.323
4.1498
2.64475
8.1396
9.27283
8.08143
9.47334
3.21787
5.1408
4.57041
1.16958
27.3456
2.42433
1.67096
16.4255
22.505
5.82054
2.10049
31.2751
1.96817
2.69505
18.0956
20.0854
14.9649
5.58545
30.66
30.9658
10.235
3.62404
12.893
7.84843
1.72171
26.2855
5.95474
25.6042
12.5348
26.4253
28.3761
30.9539
3.13373
19.4956
20.1665
16.1426
15.5929
1.71065
9.92705
22.2228
9.17038
10.9963
7.70212
2.34639
17.9757
6.6768
28.5489
4.60615
23.7098
26.9253
7.69814
14.7418
30.808
28.1541
18.1501
10.9993
0.459562
0.0256823
25.5832
27.1592
27.9222
19.3781
7.05707
19.4781
12.6011
12.0508
1.46721
21.3872
8.18348
20.9386
26.9042
10.3837
8.70738
30.0529
24.4018
16.2493
21.8949
5.67717
31.9327
31.7309
1.18819
29.2913
4.53781
19.7814
12.2116
1.86877
11.9457
10.946
28.1547
3.79592
10.1417
6.78594
7.95255
5.83183
30.6171
2.32937
18.6151
13.0096
8.00027
28.3164
16.4442
2.04781
5.74746
22.7892
1.95335
24.1203
4.04471
11.3549
25.7173
23.3243
10.2926
13.7869
28.6946
9.71688
2.23465
7.7701
20.3169
15.3161
13.9609
18.9516
10.8045
24.6627
4.29045
24.2956
0.231821
14.8375
1.69613
16.2729
29.7778
27.3432
23.9792
9.60148
6.53371
26.5861
28.4579
13.4029
29.996
24.2276
4.32296
10.1625
11.5972
2.20538
6.12424
21.4138
2.11686
4.19522
24.0237
6.6066
15.9393
29.6027
4.81518
5.76269
20.471
30.9929
24.638
6.5803
24.913
8.44643
2.24542
10.6856
10.66
22.1834
5.81438
8.76761
30.2478
18.3456
7.91955
24.1202
7.16992
3.95157
1.15004
27.4806
16.7054
0.708326
13.1456
18.8783
6.4181
28.1308
2.22046
10.0673
23.4948
31.1926
4.81113
27.038
10.2885
0.552847
7.3986
30.5917
26.5135
19.791
22.0532
23.7472
5.18934
17.2395
10.2234
13.0357
18.1231
31.1105
13.1955
8.35715
0.831667
0.0765876
31.4827
28.3609
7.84057
13.7501
2.44027
8.39711
5.36138
28.2013
2.09197
16.6047
3.06683
2.26581
31.3523
5.3882
5.19196
20.0036
1.97854
21.4749
22.8914
28.683
11.6374
19.0114
22.1421
22.4041
11.0809
10.1388
3.41619
22.4516
13.3389
8.11119
25.7281
11.6579
0.82036
31.1258
14.8351
20.7438
27.6666
8.83799
23.0819
13.1246
17.2964
5.97721
18.321
13.9058
5.00551
12.7877
15.0438
6.15202
25.0687
4.65673
27.4819
7.86727
15.6834
14.1151
5.20316
26.1607
19.724
31.5223
19.5428
22.5364
11.0057
14.3806
5.75884
15.1295
7.32144
9.61184
24.3697
20.2034
14.9165
28.2959
8.88937
6.35942
6.29368
12.9629
7.57056
4.54339
24.3684
1.56277
27.3246
27.4045
21.1154
7.86659
24.3738
9.16717
29.245
14.4023
0.239134
4.12921
3.43638
20.1561
2.06969
1.45502
4.71936
4.28047
7.08103
9.44741
28.4026
4.5747
22.9367
6.3769
25.4716
27.1077
8.94086
21.7294
6.80454
4.14933
5.38975
9.0803
5.2751
10.5045
8.67023
11.5677
13.4335
15.9707
29.7595
22.1659
3.35653
31.9579
25.3448
22.9991
11.5857
14.0933
3.44966
3.81129
2.20476
2.02216
23.297
24.3616
8.80797
22.9264
12.6591
8.60178
4.48296
7.20669
31.0466
28.6539
10.5508
6.79884
24.3941
18.9381
7.67193
5.73059
18.8214
24.7491
22.9151
5.79517
17.3101
6.7701
3.32586
29.1657
6.30979
2.77238
4.33486
26.3914
25.3153
18.809
30.894
5.5083
28.8738
1.19614
22.6579
5.97931
8.40739
26.3818
17.4173
0.288272
22.8176
13.9618
26.5366
19.7349
6.10014
12.5155
10.08
17.8624
29.1032
8.68897
2.43746
26.787
8.39582
16.3621
14.2832
24.6187
28.394
23.0655
7.55225
10.6693
10.6518
19.2064
10.5035
31.4554
25.3248
21.9975
11.9689
17.5965
21.4803
17.0167
14.9707
14.6339
3.24742
4.99423
2.62452
4.37849
30.3826
5.01451
4.46706
16.2897
15.4611
23.8483
13.3143
8.40995
19.5078
19.1391
9.46291
28.3076
9.26325
15.6695
20.8701
10.3109
25.4991
29.5279
13.2445
18.2031
29.992
11.9987
1.00999
7.15573
20.5255
3.38822
3.16739
8.77303
10.7552
24.2901
10.6404
6.24301
27.9802
17.7458
16.4901
1.86072
21.1876
2.68471
15.9077
6.32832
7.39491
7.74702
19.0983
24.9207
4.03295
9.0525
27.594
0.356074
19.0845
30.8182
19.8652
4.36889
10.476
6.98113
13.5446
15.3875
9.42015
27.9199
17.3902
7.79655
29.6253
0.442594
4.36325
6.79451
8.7954
29.6941
25.6481
1.3901
26.0461
7.8914
1.08391
24.9571
3.10415
6.48978
23.8237
7.9286
10.4204
27.5283
24.449
26.7859
1.89523
11.5515
20.8602
22.6176
16.1323
10.3356
15.7014
25.1907
11.0796
22.5555
31.4015
21.2422
24.1972
3.84054
30.4914
21.5713
18.1694
15.4058
30.1093
8.71832
4.59417
8.3223
4.81167
4.62916
26.5138
5.14082
10.6396
16.1998
28.9239
16.8264
27.307
13.6627
2.90613
0.721587
9.99601
1.37226
24.165
16.364
14.9965
23.6824
15.2192
0.587409
15.5915
0.247548
11.5124
1.09574
6.74206
19.5014
4.65225
5.78871
12.92
0.482868
17.4979
9.43558
31.555
5.03261
24.9216
6.56821
30.3715
30.4797
14.9922
17.8949
2.9017
11.6101
6.41138
25.777
1.70354
0.668018
21.9213
24.8859
6.89273
15.5339
21.4951
28.102
0.0195843
6.1591
10.3496
10.1541
1.92191
17.4228
26.7604
6.98523
1.28849
6.27786
24.8288
12.6418
28.8406
27.8688
19.935
28.301
31.9093
4.42725
4.20973
5.47019
17.9399
16.5834
14.422
1.67878
7.43373
21.1763
19.5641
0.819733
15.4344
4.30695
26.8892
31.7403
21.4059
0.175232
20.1156
1.36424
2.82163
23.7683
5.49018
21.2838
29.4
18.9735
27.4407
3.48016
29.1925
24.2352
29.3151
13.8266
28.748
20.2798
7.46022
15.5143
26.1015
5.94649
19.3255
6.07753
8.55776
16.3096
21.7506
10.1246
14.1187
15.2449
13.7549
4.25574
1.75962
19.3615
1.98143
23.0773
18.5929
16.0183
9.56694
25.6095
6.12211
9.08089
14.0668
31.3596
0.307713
7.67622
9.06205
9.24426
15.2763
24.9369
27.9687
24.7302
9.4644
17.2703
11.3143
31.5701
9.10334
22.8467
3.12514
21.9327
27.5588
10.6076
17.5565
7.33861
1.9271
13.0228
28.6431
15.5701
4.9869
13.2832
11.2053
30.5981
29.1032
5.86999
28.6357
8.16362
25.8416
16.1275
18.6067
20.8008
31.4215
8.22017
16.6767
27.9515
11.0881
17.0775
2.74819
2.69443
30.6451
24.9655
2.65624
12.0987
13.2466
12.2355
15.9332
12.9939
29.682
11.7471
2.81209
9.80104
5.73105
10.6461
21.9562
12.348
7.78998
26.2188
1.33739
26.757
7.31241
21.1438
25.7213
2.8347
18.0309
6.68839
22.4066
11.4917
8.30789
13.1348
26.3128
4.32765
5.53477
1.10133
2.79271
9.11048
0.564173
6.91858
28.9009
10.813
5.41405
25.967
3.55352
8.09953
13.1587
26.9657
27.8732
27.3528
5.53289
21.4353
20.2817
26.1665
1.11367
22.4145
0.52695
5.98609
15.227
23.285
23.729
7.60496
5.175
19.7831
4.82606
11.1069
12.8561
12.1238
10.7914
11.782
5.91577
24.7743
24.3779
9.80348
13.0298
11.3123
18.3946
8.10665
7.80288
16.874
21.4256
29.7982
5.50721
0.417426
3.83237
9.49616
9.06066
21.6888
5.59479
28.7362
23.2251
0.703935
4.25498
0.976237
2.51488
9.14082
6.93697
4.41819
6.00954
5.52983
30.7812
8.18545
8.0287
15.2656
12.9613
23.1515
18.3701
9.60997
20.4682
16.1235
26.2015
31.4943
27.6617
27.2071
20.4686
13.9989
0.499693
6.64064
3.70661
22.6583
7.74698
2.40074
10.3372
24.9984
5.78121
25.6017
22.5745
27.9415
6.19871
26.2705
12.8387
16.3305
14.8897
11.0017
5.54669
22.7054
11.7967
15.4319
0.285211
1.33189
5.30417
6.96278
24.7204
31.5659
18.2196
30.2486
20.1272
7.44118
19.4107
5.37308
2.81268
0.939708
24.8329
7.19431
14.8925
29.4889
6.87492
5.82589
23.4907
16.8888
26.6983
1.27046
10.7756
3.85667
5.86834
25.4043
20.7211
30.2837
18.3948
23.5172
19.2131
29.449
2.93462
3.60091
17.4289
14.3799
3.74234
19.4248
6.91582
27.6365
14.1238
9.26889
16.5623
22.4009
7.57186
12.6525
18.1957
4.69799
2.65848
6.65253
8.31658
18.9456
21.0573
12.3616
25.6742
4.60319
4.86489
17.298
14.3316
11.7765
24.9047
30.6457
10.3406
11.6204
12.0828
9.47779
31.3973
29.0359
3.2939
22.1742
6.53784
17.519
24.0573
16.9448
7.22388
24.8774
9.17878
3.43947
30.4769
1.05108
17.3482
4.6893
7.05689
5.15053
8.29373
18.8952
14.6809
26.4514
7.51418
5.99303
20.9314
21.2955
5.00789
4.59039
11.5556
9.88077
13.4966
2.84143
8.25709
5.36358
29.5885
5.91245
3.06946
5.76997
26.2378
4.21256
4.52302
3.14064
15.3152
21.7642
3.45852
11.6992
25.8092
7.6439
5.63939
4.88976
7.94311
6.32692
12.874
24.6299
23.1029
19.9694
15.5706
9.38661
22.3205
26.636
18.3069
4.98735
29.4774
2.82143
8.17192
24.2578
12.4105
6.73128
5.61944
3.83848
29.2575
14.6049
1.83122
3.19222
23.1983
20.4925
5.65516
4.49438
10.3532
23.7112
8.10826
6.26853
12.2175
24.7628
28.1746
27.0139
3.61221
28.2417
29.2972
23.6924
24.8733
18.7581
1.81381
0.385014
29.6878
27.7812
7.76287
5.17022
3.67627
23.8125
3.61907
17.3403
22.8678
2.94026
27.1603
8.57002
6.45501
0.32426
5.89795
5.92002
19.7954
5.17818
28.7842
28.3972
10.3851
18.0874
19.5202
18.5408
24.7264
22.0455
17.739
11.751
7.64999
16.5908
2.8723
26.9412
9.54652
14.8733
10.1818
8.96336
1.45026
23.9992
7.54537
19.2067
5.05339
20.9382
12.6162
26.2047
12.2265
14.8776
30.1387
14.8908
7.43735
3.70037
4.15831
8.51937
7.96757
2.5861
23.476
31.2735
2.86267
18.6526
13.4118
11.7879
2.05163
4.60475
30.6774
11.2327
21.1951
14.4593
25.4538
5.91208
0.92273
4.29698
29.9833
4.46691
25.6821
6.7823
13.0921
31.5455
1.21596
2.7392
4.73388
5.19031
6.78698
6.92761
6.09969
6.54481
6.94024
25.5652
5.05179
8.86614
20.6087
17.1215
23.1801
21.0483
13.2309
7.54333
3.54231
6.90667
24.5912
0.620144
3.7958
6.55513
1.11584
8.92696
6.93481
6.01921
23.0445
20.7989
3.34021
27.217
6.84013
27.7594
11.4521
20.233
5.65978
4.85857
31.5845
21.7154
2.77073
10.4985
23.9982
11.3244
7.08095
22.0317
11.0342
28.4062
22.9105
26.6777
19.3828
2.08526
20.279
4.0851
19.0606
1.4487
10.0144
21.8187
23.8613
7.262
30.037
23.0021
8.67694
6.86605
22.7643
11.9432
4.00447
6.18134
1.98172
4.26237
15.224
9.84941
5.39492
19.1611
27.3829
21.555
6.70639
20.2728
0.768035
10.0821
5.19817
8.22746
6.67714
6.77332
9.71274
13.4896
21.8135
15.5098
4.7936
26.384
8.18581
16.8287
0.304723
26.1323
20.7712
8.08397
20.7139
7.29251
16.3357
2.89941
14.5632
23.0243
2.20149
27.6676
13.3561
28.5243
9.03962
23.9077
17.0327
26.5802
0.951594
3.84442
3.25697
6.84746
26.054
16.5297
11.5588
23.2539
7.7549
17.4903
12.0196
6.34131
6.41079
16.0688
13.0606
11.1231
30.3951
7.97641
9.02967
20.592
2.10876
25.63
29.2299
7.11923
24.2379
4.85475
1.58559
3.03377
4.85178
25.5849
7.2585
2.41394
26.8838
4.54092
25.8437
18.6073
22.5279
4.88451
7.03623
17.2845
13.9778
15.8891
9.92742
23.2954
24.0407
29.1867
8.84409
12.646
6.84897
24.3011
12.4292
13.7593
12.28
6.27403
3.61493
8.89419
18.4485
1.93681
6.5096
28.7687
14.5831
7.5852
5.16193
4.56534
16.2497
15.1413
9.33194
7.66857
5.59398
3.77116
24.5552
18.4722
23.0126
22.2389
11.1052
1.3279
4.06063
26.1198
8.56899
9.43023
11.8839
9.41519
26.329
25.8735
24.555
24.7641
2.10904
30.1638
28.1091
9.31039
1.90143
14.1522
19.9804
8.43675
6.71552
5.93637
26.4812
7.14222
27.3537
26.4012
18.1306
28.5506
24.5231
16.7097
5.71224
29.8196
16.3958
18.6983
5.12791
4.44261
9.23874
9.15823
22.1286
12.3264
15.9653
10.4428
9.63425
12.3745
27.9151
9.32652
11.312
3.86462
12.4148
30.626
22.2623
3.28247
19.9232
7.80799
15.758
4.39565
5.27021
20.0083
5.22002
0.912206
26.3644
10.5629
25.2007
16.9338
14.1475
9.61555
30.3897
24.2681
13.5381
11.7492
12.8617
11.3642
6.16669
4.64086
16.7925
10.4368
21.5446
27.4737
5.74637
20.4414
24.336
2.50514
22.1453
20.2594
1.56565
31.2549
28.6445
7.15804
4.83366
23.6373
9.53635
25.2946
0.524068
4.77673
7.82655
10.7109
9.5346
6.81327
8.43686
11.9086
19.1934
18.6722
8.07594
5.48
31.4635
6.62495
18.5157
7.50835
3.85284
17.9644
23.5518
30.6483
28.6074
26.263
20.1383
2.65738
6.64983
17.7144
25.5365
16.5549
17.2218
3.54887
5.3092
6.02841
31.2041
18.7667
14.8374
16.7638
13.472
13.0881
31.0547
23.0754
23.8719
11.4351
17.401
25.7785
14.1018
15.2547
22.8378
25.8151
6.0239
12.2902
15.1235
8.51518
7.46004
5.10204
13.7299
10.2619
11.7622
30.0259
29.2902
6.02076
11.9033
20.804
12.5343
9.72094
11.0337
0.417423
22.8897
9.12562
6.48399
2.84945
29.753
3.40791
4.9647
31.382
18.9801
5.43618
19.6368
5.43866
29.4976
15.8358
21.9606
10.0415
14.6668
21.5173
4.00666
10.8511
3.42708
9.43434
4.64329
29.1837
1.17221
11.7079
25.8431
30.1311
31.4367
19.9505
5.36833
13.7397
13.7803
19.5106
23.6897
19.6047
13.0886
6.29707
0.0773891
24.6106
9.73217
13.1632
7.96967
11.9785
29.0512
22.9804
