2.88254
1.03309
1.21372
-3.04579
0.479482
2.23462
-0.596829
2.19104
2.94942
-2.13349
1.03675
2.97475
2.5455
0.886298
-2.70882
0.807503
3.05068
2.46826
1.82512
0.697814
2.60969
0.705885
2.0588
0.741475
0.810162
-0.0110279
2.31877
0.744457
2.24192
-1.71065
2.01814
-2.11035
3.0605
-2.61537
2.69188
2.04442
0.974813
1.01335
2.48433
0.883861
-1.6558
-2.69158
-0.620962
1.41308
2.43085
-2.01818
-2.41954
0.233213
-2.90949
-3.03464
2.21398
-0.763925
0.915501
0.226233
0.178165
3.09963
-0.354749
1.43869
-1.11467
2.45425
-2.19046
-2.05515
2.97557
-1.98779
-1.25444
0.651111
1.81244
0.322196
-2.68916
2.12231
0.153608
3.09135
-1.78331
-1.86347
0.512107
-0.220261
1.31012
2.83439
3.04904
1.5284
-0.27175
-1.73598
2.94459
-0.531187
2.05043
-0.337156
2.41059
0.778077
0.905521
-3.06697
2.35892
-2.48918
2.00356
-0.243111
1.89789
1.89987
-2.26487
0.821
-1.60783
-2.64192
1.09819
2.6798
1.78844
2.50778
-2.49056
-0.094906
-0.372563
2.67689
2.92074
0.879984
1.84415
1.45948
2.45804
1.00175
2.6978
-0.0404991
1.81367
2.18014
-2.28348
0.647884
1.22152
0.0459303
1.23353
-2.22724
1.60323
1.01013
2.03546
2.74245
1.02216
0.0306321
2.16654
-1.30736
2.01231
0.978466
1.46446
2.57084
0.68493
1.40611
1.70808
2.23927
-1.81989
-1.09335
1.37058
0.56742
-1.54359
-1.97416
-1.70116
0.628721
2.09787
-3.12804
-2.11605
1.98036
2.54299
1.53836
-1.04413
-1.79299
-0.397178
-1.8883
-2.09915
2.67179
1.98329
-1.9093
1.4509
1.82136
1.73599
-0.606893
2.52737
2.08168
2.51119
0.537738
1.98204
-1.17391
1.77232
2.91647
-0.0878216
-0.875261
1.09498
0.063916
-2.91471
-1.04186
1.25545
-1.09409
-0.977426
0.59391
0.928596
0.538992
0.30921
2.39752
-1.80945
1.52771
0.148648
-0.998925
2.40828
2.56237
0.720086
-1.37511
-2.39323
2.24115
1.85955
0.460846
1.13614
1.77333
1.44645
1.57425
2.28677
0.167772
0.20235
1.39796
-2.73732
1.3763
1.70325
-2.73412
0.866767
2.59203
2.84719
-2.26193
0.170665
2.09094
0.616928
-1.20618
-2.81016
-2.81576
-2.90542
1.09124
1.59828
0.455332
0.0330776
2.83146
2.0713
-1.2672
-1.33643
2.21969
-0.793571
3.05527
-1.56624
1.79047
1.13797
2.71361
-0.699622
2.08505
2.90135
2.26401
1.27788
0.953171
2.87315
2.32578
2.19581
-0.493938
-0.630374
2.43139
1.57509
-1.77646
-2.28295
1.10211
0.660183
-2.69334
2.04045
0.726481
1.39217
1.19879
-0.994413
1.00386
1.47884
-2.51468
2.0122
-2.98028
0.148403
-1.08502
-2.91015
2.07205
-3.02901
0.897787
0.512235
-1.40039
1.4375
1.7614
2.09875
1.68445
-2.55379
2.01933
1.27251
2.513
-3.09224
1.6522
1.92626
0.255432
-1.71215
1.95322
-1.16278
-0.283629
0.293704
0.870785
0.248509
1.24312
1.25896
-3.06458
2.31494
2.78163
1.85446
2.19585
1.66756
-0.196783
0.426326
0.895558
2.60602
0.519925
-1.19642
-2.29106
2.36481
-0.626775
-2.88901
0.0433582
1.32051
1.13003
1.77641
0.322411
-2.4533
-2.40111
-2.80003
1.10104
2.59429
1.12752
1.29056
-2.79949
0.465462
2.72293
2.61336
1.66111
-2.2468
0.904891
1.842
-2.62465
2.75758
-0.875
2.40375
1.04719
1.7567
2.36503
1.28614
3.03415
2.83323
1.24273
1.52875
1.22653
1.85015
-1.18319
2.35501
1.68607
2.00424
2.99969
-1.01105
0.490559
-2.69632
1.15777
-1.87462
1.20152
0.815306
0.797319
-2.28576
0.548667
-0.147466
1.04007
-1.05952
-2.8043
2.04449
-0.946813
2.26329
1.42495
1.46433
0.492543
2.43948
-2.97945
-2.20526
-2.0003
0.502524
0.631034
1.22387
-2.5384
2.9335
1.3926
1.22661
-2.29547
1.2974
-2.07625
-3.12796
0.871897
-2.76833
3.0303
-1.90099
0.662046
1.13174
0.7893
-1.37967
0.036112
-2.44952
0.791576
2.99773
1.8374
-0.219955
1.50851
-0.109032
1.06033
-0.843855
-1.23924
1.57181
1.31766
-1.5766
-1.06379
-0.80347
-2.16584
0.212063
-1.76778
0.0906121
0.933163
0.615162
0.843791
-0.210703
-0.870156
0.757216
2.87903
-1.5582
-1.23948
-0.737731
2.70365
-1.55292
1.22928
-2.56035
-0.251749
0.694704
-0.805033
-1.23736
2.07461
2.05895
2.212
0.930285
0.704028
-1.53223
0.460496
-0.809096
1.43361
0.814098
-2.32886
-2.07983
0.863075
1.54017
1.99538
0.336496
2.79931
1.23148
2.17132
2.75012
2.12458
-0.499518
0.431602
0.957157
1.18498
1.04299
-0.985897
-3.00494
1.39503
2.84803
-0.972572
1.00133
2.80644
-1.87737
0.97145
2.55004
1.56844
1.18226
1.78742
0.820565
0.394655
-0.481061
1.69165
0.662613
2.13887
0.0234283
-0.964817
1.53105
-1.92376
-0.525105
1.24433
1.94881
1.48768
2.4236
3.07736
1.19741
1.86902
-2.2538
0.358265
-1.35503
1.94101
0.99578
1.41023
2.31189
-0.203829
1.6592
-0.900397
1.15214
2.00393
2.89087
2.40993
1.89558
0.713727
-1.76843
1.95801
1.89233
0.959543
-0.434489
1.59508
0.622497
0.688555
-2.85503
1.52316
2.29109
2.41853
0.589693
-1.95215
-3.08217
2.17817
-0.106053
-2.36636
0.673434
1.11172
-1.30161
1.49252
1.78846
-0.0262861
1.25214
2.93173
1.99758
1.73335
-1.72197
-0.285793
-0.422965
0.07367
2.89433
-3.05119
2.9847
-1.85387
0.243865
2.08619
0.903869
1.23044
-2.3939
-2.92546
0.893579
-1.36344
1.89228
2.02768
1.85894
0.89899
-1.1855
-2.89366
1.89771
2.12342
1.48735
2.53428
-0.117293
0.262078
-2.50298
0.897023
1.00009
0.970836
1.63596
1.51167
1.94115
0.204617
2.52481
2.1398
-1.61443
0.347888
-0.336722
1.90074
-1.95576
0.503402
0.749907
-2.4916
2.24881
1.51803
-2.82053
0.678808
-3.03577
1.23241
1.93136
2.10332
2.11109
-2.0373
2.68004
-0.740666
1.70045
2.98895
1.10411
1.86097
1.51829
0.0308918
0.820558
1.41439
2.34744
-0.820454
-1.28338
0.289995
-0.785447
-2.9395
0.274088
0.782966
2.54271
1.90512
-0.890822
-0.749231
1.45767
-2.31807
-0.986261
2.88819
-0.318624
1.44432
1.81831
0.354933
3.03534
1.28221
-0.037384
1.44564
1.60356
-0.664076
0.751904
-0.460174
-2.20919
2.41298
-0.760363
-0.86548
-0.497841
-2.75343
-1.57294
-0.233659
0.524715
-2.97912
0.128389
2.33047
2.71559
0.385434
3.03504
-2.82607
-2.68462
-3.02004
1.88076
1.6963
-2.00205
1.18291
0.634543
-1.71263
3.06087
1.17517
0.0605546
1.32794
2.60436
1.46291
-1.35309
1.32847
-2.82688
-0.362258
0.872016
1.66785
1.33432
1.88675
2.02315
1.06171
2.73743
2.83214
2.71021
0.735529
-2.4026
0.345222
0.778181
0.626581
-2.333
-1.85139
1.2517
0.810128
-1.65456
2.1655
1.42222
0.651103
0.969936
3.03603
0.352094
-3.00009
0.909644
3.09483
0.854436
0.186359
-1.22948
-2.08906
1.08003
-0.775936
0.82649
2.49812
1.4546
0.968692
2.79064
1.24756
-3.01052
-1.01557
1.58796
1.75469
-2.22306
1.20961
-2.02793
0.369598
-2.76613
2.18617
0.225644
-0.254261
1.10901
0.972548
3.05771
-0.326227
0.0418035
2.29276
1.81724
-3.00526
0.0171507
2.82217
1.14077
1.94885
0.735991
-0.798452
1.59432
-3.07189
2.75375
0.031326
-1.6646
0.992389
-2.69978
2.98419
-3.13805
1.54979
1.01452
-2.84007
-1.76686
-3.06579
-0.843443
1.9292
2.46474
0.995915
0.812679
1.61621
0.432727
-1.92741
0.625064
2.56505
2.51728
2.4117
-2.67472
-3.10518
-3.13712
1.68028
0.985009
0.97246
1.59748
-2.07683
1.19242
2.9063
1.36865
2.15311
0.984743
-1.51355
1.66058
-1.76042
0.842452
2.31432
-0.847841
-2.12436
2.54647
2.51967
-2.61039
0.804354
1.22028
-1.04689
1.9511
0.0753531
1.66461
-3.08437
1.70776
2.4873
2.56097
-1.00685
1.60086
0.787348
1.12849
1.90323
-2.5797
-2.83222
1.36412
-0.610383
-1.30112
-2.45868
1.62656
-2.88753
0.209886
0.0568633
0.44781
2.40856
1.2633
1.32075
0.960411
-1.27904
2.14844
-0.167059
1.56654
0.3669
-0.0370217
1.00375
0.694771
1.21754
-0.708173
-1.82925
2.43591
-2.90461
2.0959
1.3434
-1.27227
0.942148
2.11452
-3.1111
1.90137
1.44035
-2.03875
-1.45524
1.27544
-1.3598
0.906452
3.11089
-2.86778
-0.852503
0.0680485
-0.745783
1.00377
2.3473
-1.68185
-1.26878
-2.65013
2.58707
2.65396
2.95931
1.39943
-1.01219
-0.463653
2.13714
-2.50354
1.01336
-0.07281
2.21476
-1.20739
1.24168
2.68575
2.38919
-2.57438
2.49847
0.299281
-2.57165
-2.20905
1.38514
-2.93591
2.37402
2.30241
0.225565
-0.133043
1.28471
2.07737
0.740081
2.22308
1.3558
1.89394
0.824865
0.469306
-1.60664
2.08709
2.54979
-0.303498
1.80447
0.0665036
1.53954
-0.0795394
0.677816
-2.8105
-1.73582
-1.32539
1.24161
1.74556
0.837777
1.86893
2.56191
-0.468564
0.208662
-3.1332
2.70255
2.51659
-3.0153
0.743347
0.118867
-1.58247
0.295271
2.09158
0.439089
1.88796
2.33593
3.11269
1.25799
2.58655
1.33416
-0.965727
0.670781
1.84583
-2.13599
2.60845
1.54895
-0.967822
1.24248
2.26176
2.74526
1.92481
2.07505
1.26948
1.15989
1.34941
-3.03899
2.27838
-1.61349
-2.49723
1.23392
-2.75541
1.71854
0.439839
-0.270047
1.48924
2.82094
1.85344
1.66849
0.355129
2.33238
1.3019
2.31088
1.90884
2.48582
2.6166
0.928265
2.33119
0.389375
-1.98874
0.736574
-0.135494
1.38998
1.75904
0.242458
-2.17716
2.92689
2.47066
1.11737
1.69447
-1.44563
1.88512
2.99199
2.01796
1.58631
1.34453
0.777016
2.06197
0.242994
0.959756
0.47102
-1.68124
2.51161
-2.97304
-3.08829
2.7538
2.52488
2.17177
1.22178
1.52444
2.02725
0.976925
0.549901
-0.728415
1.4083
0.23216
-0.974106
1.50562
-0.333366
-2.07585
1.08828
0.188799
1.67668
-2.40334
0.910621
1.58067
0.408047
-0.841118
1.10756
2.92358
-0.444971
-2.83677
-2.01702
-2.77589
2.0957
1.99392
1.90778
2.73105
-1.0858
1.28885
0.313493
2.12783
2.91617
2.0077
0.993977
0.522426
-0.52403
1.56392
-3.07819
2.3812
-2.86247
-1.60892
2.18703
2.34301
2.24202
0.469477
-2.43485
-1.9636
-1.09851
-1.68363
-1.59169
2.62837
2.03787
-2.23209
1.16765
-3.10208
1.02412
-1.07776
1.28625
1.50206
2.2478
2.62799
0.769945
-0.475868
1.45619
2.71278
2.73357
-0.347199
2.82547
1.97661
0.771062
-2.79001
-1.14768
-3.01093
-2.11574
1.38786
-2.14076
1.03177
-0.316787
2.2049
0.805433
-1.89385
-3.03406
-0.716194
2.77586
0.0893318
-1.0439
0.497316
-2.95809
-0.903089
1.77193
2.13504
-2.92215
2.27288
-2.27903
1.41574
0.563586
2.57201
0.416416
1.12552
1.35846
0.0745204
-1.44326
-1.73839
-0.489312
0.882297
0.315855
-2.83474
-1.37686
2.70579
1.12049
1.22588
1.75417
2.18903
-0.0198614
3.11825
-0.422196
0.0244694
1.17032
2.12333
-0.0995543
-2.26987
0.618241
1.26788
-1.32304
-0.143751
-2.84735
1.89884
1.09073
1.71116
0.959006
1.69984
1.13346
2.72457
-0.711376
1.58751
2.86427
1.70792
0.895587
0.97723
2.23169
-2.20531
3.08483
1.31452
2.01313
0.408654
2.52528
1.42402
-0.827689
-0.120416
1.72125
2.34745
-2.46847
-2.283
1.84161
2.16288
-1.41295
-0.144595
0.762342
-2.60572
1.8308
2.7519
3.07589
-1.59557
-2.69376
2.97255
0.332938
1.26185
1.33371
-0.52943
2.00949
1.16481
1.21951
2.5369
2.94888
2.0131
-2.24487
1.4784
-2.90513
0.353414
-1.0841
1.97445
0.733958
0.318226
1.45216
-2.72613
1.214
-0.622416
1.48568
-2.35167
0.435208
1.03918
-1.0036
0.759901
0.560256
-0.121423
1.89235
-1.61334
-2.39098
1.54921
1.25115
1.46238
-0.474552
-0.374478
1.42886
-0.914565
0.192753
1.19369
-2.46815
1.96188
-2.13162
1.39919
-0.614971
1.5197
1.04788
1.05272
-1.32911
-0.945103
0.797221
-2.5261
1.15187
1.7371
0.119564
2.28267
1.46676
-2.32044
-2.33292
1.64146
-0.33698
1.55015
-2.85654
-0.836993
1.95903
1.35248
2.15204
1.88954
1.68479
0.549791
-1.82172
1.97232
0.732315
2.4924
1.85512
1.90757
1.78461
2.46829
1.63772
1.79276
-0.492924
0.303109
-1.60227
-0.00447793
1.99642
-0.463475
2.20712
1.52388
2.31477
0.37078
-1.77927
1.25662
1.52927
1.76228
0.27129
2.04461
0.838771
-0.837432
-1.00806
2.99797
-0.407526
1.86267
-0.55968
-1.61454
2.3562
1.27334
0.121983
1.12484
0.810697
1.7125
-0.618601
2.07977
0.930951
-0.558877
1.10208
1.53675
2.48969
-1.37277
2.97852
1.9229
0.372901
-1.80447
-0.299056
1.45212
2.22701
1.34995
-2.51817
-1.03572
1.7309
-0.0024496
2.77395
-1.76872
1.16234
1.02458
2.01996
1.21306
2.30456
-1.75157
-1.03182
1.21319
2.097
1.95211
1.99514
2.66132
1.58727
-1.71045
-2.74664
2.08346
-2.21459
1.52343
1.45677
1.81729
-2.4909
0.0903016
2.90167
1.51331
0.700954
2.55884
1.57726
1.43629
-2.73981
-0.755938
-1.82593
1.8848
-1.80226
1.85907
-2.90358
-0.117514
-0.365814
2.11729
2.82052
0.890119
2.41092
0.0346888
2.16709
2.8623
1.3648
2.0662
-0.233878
2.44036
2.09707
1.75702
2.0185
-2.254
1.55149
2.74789
0.966106
-0.0622832
-2.44278
3.00542
-2.69045
0.33981
3.11483
3.01588
1.13448
1.30616
1.96413
-1.94749
0.307919
0.881583
0.0326967
2.23626
-2.88648
-1.60914
1.55203
1.61945
-0.0186706
1.09572
0.800542
0.491088
-1.23684
0.576802
0.444676
-1.51641
1.17096
0.918029
1.83773
-1.50408
0.525642
1.77317
0.588489
0.657682
2.39414
-1.66613
1.03845
-0.781545
2.99112
1.36549
1.35345
1.50507
0.535054
1.54146
2.46355
2.32476
2.36091
1.38442
0.409668
0.69877
1.31804
1.15452
-1.11111
0.79154
1.77088
2.55422
1.76021
0.30716
1.45
2.46602
1.58381
2.35345
2.51811
-2.91749
2.51901
0.948462
-0.586898
2.52649
3.03166
-1.46668
0.820644
0.00615285
0.7179
2.39546
2.33302
0.0593436
3.09748
0.544402
0.047945
-2.99944
0.445736
1.14939
-1.71805
2.36428
-2.78551
2.63383
1.00614
2.12048
1.23308
0.358745
-2.33448
0.502101
2.32918
1.71053
-0.604324
1.01488
0.52834
0.0333593
1.74428
0.255581
-1.01014
1.96681
2.93007
1.41429
2.81387
-1.53512
-1.8313
-2.49541
2.52276
1.76386
0.738464
2.12955
2.13369
2.75161
-1.34124
1.78252
1.6663
-0.324076
-2.54768
1.79693
3.13506
2.50249
1.98813
-1.10299
1.20431
-1.15006
2.53124
0.765019
1.71354
1.15129
-3.09051
2.09027
0.852797
2.78533
1.66671
1.32385
1.29755
1.13184
1.89632
-2.56596
1.07428
2.36508
-0.661584
3.01186
0.927765
1.3914
1.04297
-2.12903
0.00747003
2.81427
0.67379
2.69777
-2.16295
2.95589
1.35064
-2.31511
2.00619
1.33784
-0.674573
-0.609506
-1.90987
1.63148
3.11642
2.46156
-0.459135
2.38886
-2.26214
2.20484
2.96947
0.526907
2.68746
1.47451
-1.29699
0.0279761
1.52352
1.3773
-2.66716
-0.213456
-1.7889
-1.13326
-2.77471
-1.14996
-0.879697
-0.618241
0.238065
-1.86652
-3.09572
-0.478909
0.922774
1.60406
1.57652
1.53691
1.27967
2.59882
2.54554
0.751628
1.4686
-0.156031
2.47906
1.96618
-2.61858
1.81947
2.99605
2.93094
0.188989
2.13502
0.454234
1.62712
0.939615
1.8549
0.130717
1.29939
1.39168
2.2766
2.88553
1.35483
2.23751
1.08832
3.02546
2.55531
1.22717
1.07879
3.09636
2.05806
2.49886
3.09536
2.0318
-2.42595
2.8217
1.58273
2.16494
-0.106946
-0.642149
2.57216
0.798263
0.377923
3.08549
-1.37717
2.91918
-2.61885
2.94949
0.653595
1.43116
-0.486147
-2.38577
-0.443292
-0.236747
-2.83913
0.835295
1.85508
-2.28226
2.56766
0.875733
2.90616
0.33761
-2.60096
2.33626
3.07847
1.09474
2.09007
-1.82593
2.14694
1.896
-1.80064
-3.01077
1.34276
-2.57891
-1.99383
-1.05673
2.40433
-0.121803
-2.94989
1.88978
2.42643
2.02131
2.05069
-0.617617
0.842228
-2.44241
0.850596
1.3466
1.74598
1.32926
0.304147
-1.29762
-1.12432
-1.5553
2.55997
1.79413
-2.26061
1.60229
1.94665
1.24516
2.25269
-3.13291
2.85182
1.99008
1.93221
-1.64329
0.126138
-2.4559
-1.85395
2.95072
1.44024
-1.82581
-2.46792
-1.85079
-1.01
-1.88329
0.420582
1.16258
-1.91099
1.61763
-0.997128
1.47959
2.20319
-2.40085
1.93529
1.4179
1.09568
-2.98423
-0.78603
2.00855
1.98253
1.96844
0.899176
1.3049
1.15438
1.56118
-0.240848
-2.52652
-1.62522
-1.06251
1.30548
0.241026
0.886024
1.36258
2.79981
-0.425636
2.38355
-2.86281
-3.0163
-0.771827
-2.41453
0.628079
2.74777
-0.250804
1.92972
0.45194
0.950845
0.972563
2.65887
1.74646
-3.09978
2.16782
0.495687
1.81639
-0.389216
1.68688
1.25499
-3.08766
1.19266
2.07709
2.05004
1.61549
-2.41142
-0.889985
1.38925
-2.31596
-0.399358
-1.32627
2.12803
1.46647
0.411383
-1.54768
-2.65576
0.850307
2.47723
2.29278
0.587485
-1.94651
2.56911
-3.01774
2.2419
-2.5384
0.695932
2.09597
-0.272428
2.03618
1.71569
0.607413
0.626709
-2.97833
1.28303
-1.83313
-0.0762499
1.05806
2.91901
1.08363
0.395208
-1.96928
-2.30584
2.42236
2.66465
1.91504
-0.895061
0.400161
2.1626
-2.01937
1.3612
2.29978
-0.0335926
2.49417
-0.531605
1.42474
1.59618
0.551489
-1.54449
-2.34019
1.80435
1.05947
0.488528
2.09553
-0.998524
1.42685
-3.06661
-0.383533
-3.09733
-1.54511
1.1235
1.21004
-1.56442
2.17704
1.9008
-0.0839139
-0.858786
-1.07457
2.82344
1.58687
2.49439
0.718771
1.4641
0.437624
0.786873
-1.92093
2.57689
0.946372
1.73099
1.83978
1.14341
1.3702
3.10348
1.76902
-2.02917
-3.0488
2.08692
0.561712
0.820464
0.779002
2.24019
1.9186
1.97949
1.16704
1.36294
3.13737
2.59009
1.44299
-0.623329
-1.4075
1.0559
-0.979914
2.4797
-0.720129
1.05795
1.92027
-2.66018
0.368845
2.45286
-0.15986
2.52381
1.23024
1.10172
1.1409
2.63612
-1.84061
-1.75016
1.33526
-2.69018
0.461889
-2.94542
-0.820198
1.96966
0.64182
0.609199
1.13345
2.49975
0.695754
2.14999
0.883332
1.4204
1.79217
0.767965
-0.472528
1.77569
-0.70934
1.88891
2.85147
0.30855
1.24611
1.45497
1.17168
1.58522
2.04042
0.00388499
-1.52082
-2.91642
-2.7744
3.04735
1.56611
-0.902007
2.14245
0.125062
2.07398
1.71473
-2.48622
2.69637
2.18884
-0.309845
0.326795
-1.47816
-2.98382
-3.07854
1.54585
-2.40409
1.32575
1.65701
0.545172
-1.6055
0.291243
0.87592
-1.59339
2.85604
1.80886
1.41367
2.08665
1.4064
1.7227
2.35024
2.94696
2.02782
0.146898
-2.66924
-1.05223
0.715364
-2.20417
1.9869
1.30727
1.68174
0.538866
0.266349
1.17972
1.05389
0.0546314
1.29976
-0.472842
0.0132616
-2.27354
-1.92489
-3.06811
-1.99025
2.30581
2.14812
-2.65847
0.624533
-0.529788
3.08894
-0.178024
0.465936
-0.741609
1.23831
2.73272
0.00997037
1.19144
0.870346
-0.282209
1.04577
0.0948333
2.5853
1.90523
1.78911
-0.195914
1.34471
-2.32972
-0.7195
-1.86881
-0.0308421
-0.640622
-0.143427
2.12912
2.36642
-1.979
-2.30907
1.94431
-0.428348
1.06979
1.54107
2.79445
-0.100647
0.854239
0.686883
1.58304
1.39803
-2.76936
-0.510596
0.674064
0.899493
1.27516
1.06686
2.11074
-2.00202
-2.72013
1.6351
0.873151
0.987372
1.71243
2.3654
0.714965
-0.121734
1.81126
2.44336
1.87047
1.97242
0.967805
0.589728
0.628552
-2.56953
1.34039
-2.78858
-1.82643
-2.72932
-2.87091
2.49625
1.55304
1.41912
1.20804
0.873406
0.451149
-0.754127
3.01652
2.36322
2.76464
-0.286204
2.61985
2.26543
-2.23984
0.0633475
2.39798
1.13266
-2.39596
2.76155
1.88811
2.78725
1.95201
0.890358
0.678581
0.706769
0.99718
2.29695
2.06768
2.8651
-2.93201
1.08236
-2.44235
-3.09509
2.94364
2.04254
1.8504
2.43389
0.877823
0.0150736
1.92823
-0.792076
2.32551
1.50544
2.53184
0.72173
2.62593
0.882219
0.761091
-3.04366
1.15327
-2.76213
2.52402
2.9763
2.0357
1.21786
-1.39379
1.34442
1.77946
-2.71492
-3.04346
0.93859
1.38171
1.5655
2.56512
2.42182
1.35278
1.93104
0.677799
1.94869
-2.2561
1.27375
1.38617
-1.00574
0.957541
1.92578
0.0921258
1.20123
1.18352
1.27453
-1.96233
-3.12096
-0.225867
2.15033
0.363864
1.31232
-0.0588805
1.46738
2.49139
2.29973
1.91508
0.779018
0.837309
0.0718693
1.28699
2.3568
1.47841
1.04597
2.56802
1.57765
1.20107
-2.62252
-1.50818
1.6691
0.923175
0.84951
-2.44815
0.437138
1.83279
-1.24371
-0.0526531
2.55547
0.113522
1.91815
1.16359
1.33614
-1.09958
-1.7829
2.9872
1.53419
1.21233
-0.381264
2.13219
1.07906
2.26204
2.6078
-2.91382
-1.60094
-0.67806
2.54932
1.53487
-0.80289
0.902899
2.45865
-2.83373
1.15053
1.51449
2.94476
2.0218
1.17651
0.821087
1.64689
1.54888
-1.98286
-2.08119
1.02416
-2.51121
-0.898963
0.099362
1.86655
-2.83863
1.91766
1.75652
-0.0664241
-0.458846
0.977462
2.95254
0.801175
1.26608
1.36801
-0.224118
2.1928
2.35479
0.881046
0.577697
-0.340016
-1.90043
1.80198
0.942951
2.30082
2.1404
2.53521
0.951762
0.514369
2.13719
2.04323
-0.339428
0.631408
1.44308
2.49749
-2.55026
0.240095
1.34053
2.78761
-2.12761
1.7249
-1.2487
1.65352
2.84302
-2.66249
2.38019
-3.06536
2.99525
0.163085
1.80895
-1.33619
2.40393
0.691441
2.34392
2.73723
-0.398586
1.37248
0.039948
0.910041
-2.61883
0.917841
2.46389
2.87746
0.887626
-2.85842
2.50867
1.01356
-2.19686
1.60533
0.841961
2.45033
-3.04845
-1.82199
1.64943
1.17981
1.2067
1.94194
0.106801
0.664582
1.57144
-1.15504
-2.66809
1.73929
-1.72843
1.53716
1.11639
-2.0332
-2.01711
2.29733
2.77709
1.81818
-2.11913
2.40541
-0.125951
-0.00238395
2.22082
1.86597
-2.82372
-0.910806
0.887867
-1.05642
1.55975
2.84813
2.79651
1.67341
-1.76973
2.19578
2.87583
1.79526
-2.00314
-2.53009
1.27263
0.835028
3.11077
1.43687
1.83912
-2.61557
-2.65185
2.91886
2.396
1.50621
1.36854
-1.67145
1.74503
2.52624
-0.825007
2.39751
-2.33581
2.6204
-0.38078
0.599414
0.464294
2.04252
-1.93587
1.05295
1.14856
1.6968
1.01212
-2.76039
0.713357
2.65124
0.323143
2.19554
1.78551
1.66074
1.34447
1.77075
2.8926
2.82889
0.636648
1.89453
1.02741
0.967078
2.11444
-3.00238
0.190707
-0.18012
0.786027
-2.001
-2.41627
-0.229956
1.03824
-1.73885
2.24718
1.18097
1.26257
-1.14194
1.42857
0.0515788
1.46189
0.388421
-2.48543
-2.21203
1.8381
1.31409
2.73367
1.29679
-2.19469
-1.28232
1.9898
2.28069
-2.41756
2.19268
0.0841699
0.479314
1.57535
-0.483819
-3.11288
0.426426
0.843455
-3.04477
-0.896972
-2.57944
3.04282
0.616447
-2.66628
2.41848
1.70675
-0.229945
2.43116
2.95372
-0.794382
1.09482
0.953672
0.361284
-1.62451
-1.54568
1.81084
1.86492
-0.727561
0.835486
-1.29768
-0.773414
-1.87392
-0.311892
0.789656
1.68876
2.09053
-0.652577
2.01383
0.0544966
-0.319627
2.45311
0.440033
1.01186
1.00237
-2.93397
-0.770647
0.820886
2.41753
1.70755
1.74686
0.836744
-2.54712
-0.335276
-2.35676
1.74055
-0.12758
2.07391
1.95584
0.0268685
-0.437596
-2.38744
0.849753
0.26753
0.399311
0.240536
-2.83607
-1.60667
1.3921
-1.9906
2.3003
-2.54167
-0.438673
-2.2034
2.51742
-2.95968
2.95434
0.246349
2.81157
0.1664
0.741293
-1.13558
1.69522
1.86903
2.25816
1.21576
2.7408
-1.15522
-1.99846
1.5832
3.13224
0.805888
-2.77072
2.91988
0.0245852
-2.33513
-0.261205
2.68377
-1.70291
1.01625
-1.27039
0.613421
1.00029
2.47807
0.932345
1.73068
-0.939283
1.9795
1.92292
2.15705
2.30091
-2.75555
1.27094
2.95346
1.65422
0.5253
-0.0275584
2.16046
-2.4952
-1.2348
0.727328
2.16868
-3.07613
-0.105786
-3.10557
-0.00929539
2.14916
1.35271
0.955445
-0.946618
0.731316
2.84456
1.23321
2.08387
-1.56873
2.72657
1.74333
1.62886
-3.08404
2.07471
-0.944677
-0.451939
0.407768
2.22162
1.32
0.51427
1.54927
1.11275
-2.87517
-3.10931
-2.86199
0.192655
1.36666
1.51001
-0.122241
1.83017
1.63814
1.51756
2.29699
1.83248
1.94809
-0.0770088
1.03785
1.58074
-0.0468232
-1.48175
0.362048
-1.2906
1.683
0.60114
0.499682
1.95412
-0.314277
-1.75822
-0.0228748
-2.25097
2.54484
1.67203
2.38886
1.12259
-0.209945
-0.00154193
-2.15086
-0.113857
1.716
2.37338
0.140177
-1.56376
0.0478402
-2.66631
-1.78785
1.58031
0.77417
-1.65625
1.12338
2.3137
2.1062
-2.3599
1.46452
3.10619
1.42113
1.28878
2.51831
-1.67116
-0.0157524
0.832676
1.85982
-2.52995
-1.67838
0.967662
0.903397
1.99913
1.39036
-1.42401
-2.72792
1.24482
2.36209
-0.00576052
1.17534
1.65338
1.50944
2.63048
2.61797
-2.10408
2.49098
-2.99915
0.292919
-2.68066
1.39845
0.776213
-1.84191
0.364711
1.73711
1.80246
1.26412
1.20922
1.29825
-0.918299
1.16216
-1.09958
3.13142
0.982779
-1.605
0.817185
1.39935
2.17444
-2.82217
-1.63275
-0.248046
-1.20337
0.38849
0.841231
1.68845
-3.0873
1.06296
0.0629017
1.2378
0.976784
-1.0498
